10
0x7ffee70ff538
3
0x7ffee70ff534
0x7ffee70ff534
A
0x7ffee70ff527
3
0x7ffee70ff5c0
10
0x7ffee70ff5c4
0x7ffee70ff5c8
0x7ffee70ff5cc
11
12
0
- 10
- 11
- 12
- 0
- 0
- 0
- 0
- 0
- -418384376
- 32766
+ 10
+ 11
+ 12
+ 0
+ 0
+ 0
+ 0
+ 0
+ -418384376
+ 32766
100
100
200
200
300
300
  9  8  7  6  5
* 0
* -1342177280
* 0
* -1342177280
* -1355677680
* 32767
* 2071914908
* 32767
* -1355648664
* 32767
  0  0  0  0  0  0  0  0  0  0
  1  1  1  1  1  0  0  0  0  0
-418384416 32766 311043318
1 -418384384 32766
0 0 0
  1  2  3
  4  5  6
  7  8  9

1
4
7
  1  2  3
  4  5  6
  7  8  9
nrows: 3
ncols: 3
  1  2  3
  4  5  6
  7  8  9

  0  0  0
  0  0  0
  0  0  0

